0
-0.0006675
0.00000125
0.0005625
0.0000875
-0.00067
-0.00000625
0.00054375
0.00006125
-0.00162625
-0.0001025
0.00140125
0.00007125
-0.00162
-0.00006375
0.00143625
0.00006
-0.0028575
6.625E-05
0.00283875
-0.000135
-0.00295125
-0.00005125
0.00299375
-0.00012375
-0.00321375
2.875E-05
0.00601625
0.00005
-0.00720375
0.000065
0.00632625
-0.000035
-0.00758
0.0000525
0.010255
8.625E-05
-0.011825
-0.00017
0.01078125
-0.0001225
-0.01537375
0.000055
0.01398625
-0.00009875
-0.01585875
7.25E-05
0.0145425
-0.0001125
-0.016405
0.00020375
0.01814125
0.000005
-0.0192925
-0.00013125
0.0186475
3.75E-06
-0.02057625
0.00035875
0.02273625
0.00035625
-0.02327875
0.000315
0.02358375
0.00001125
-0.02550375
-0.00017875
0.03090875
-0.000165
-0.028145
-0.00028
0.0319975
-6.25E-06
-0.04688625
-0.000245
0.0476375
0.00006125
-0.04371
0.00013375
0.051638655
0.000189076
-0.067247899
-0.001197479
0.053802521
