K, 1, 0.000000, 0.000000, 0.000000
K, 2, 0.000000, 2.900000, 0.000000
K, 3, 0.450000, 0.000000, 0.000000
K, 4, 0.450000, 2.900000, 0.000000
K, 5, 0.900000, 0.000000, 0.000000
K, 6, 0.900000, 2.900000, 0.000000
K, 7, 1.350000, 0.000000, 0.000000
K, 8, 1.350000, 2.900000, 0.000000
K, 9, 1.800000, 0.000000, 0.000000
K, 10, 1.800000, 2.900000, 0.000000
K, 11, 2.250000, 0.000000, 0.000000
K, 12, 2.250000, 2.900000, 0.000000
K, 13, 2.700000, 0.000000, 0.000000
K, 14, 2.700000, 2.900000, 0.000000
K, 15, 3.150000, 0.000000, 0.000000
K, 16, 3.150000, 2.900000, 0.000000
K, 17, 3.600000, 0.000000, 0.000000
K, 18, 3.600000, 2.900000, 0.000000
K, 19, 4.050000, 0.000000, 0.000000
K, 20, 4.050000, 2.900000, 0.000000
K, 21, 4.500000, 0.000000, 0.000000
K, 22, 4.500000, 2.900000, 0.000000
K, 23, 4.950000, 0.000000, 0.000000
K, 24, 4.950000, 2.900000, 0.000000
K, 25, 5.400000, 0.000000, 0.000000
K, 26, 5.400000, 2.900000, 0.000000
K, 27, 5.850000, 0.000000, 0.000000
K, 28, 5.850000, 2.900000, 0.000000
K, 29, 6.300000, 0.000000, 0.000000
K, 30, 6.300000, 2.900000, 0.000000
K, 31, 6.750000, 0.000000, 0.000000
K, 32, 6.750000, 2.900000, 0.000000
K, 33, 7.200000, 0.000000, 0.000000
K, 34, 7.200000, 2.900000, 0.000000
K, 35, 7.650000, 0.000000, 0.000000
K, 36, 7.650000, 2.900000, 0.000000
K, 37, 8.100000, 0.000000, 0.000000
K, 38, 8.100000, 2.900000, 0.000000
K, 39, 8.550000, 0.000000, 0.000000
K, 40, 8.550000, 2.900000, 0.000000
K, 41, 9.000000, 0.000000, 0.000000
K, 42, 9.000000, 2.900000, 0.000000
K, 43, 0.000000, 0.000000, 2.400000
K, 44, 0.000000, 2.900000, 2.400000
K, 45, 0.900000, 0.000000, 2.400000
K, 46, 0.900000, 2.900000, 2.400000
K, 47, 1.800000, 0.000000, 2.400000
K, 48, 1.800000, 2.900000, 2.400000
K, 49, 2.700000, 0.000000, 2.400000
K, 50, 2.700000, 2.900000, 2.400000
K, 51, 3.600000, 0.000000, 2.400000
K, 52, 3.600000, 2.900000, 2.400000
K, 53, 4.500000, 0.000000, 2.400000
K, 54, 4.500000, 2.900000, 2.400000
K, 55, 5.400000, 0.000000, 2.400000
K, 56, 5.400000, 2.900000, 2.400000
K, 57, 6.300000, 0.000000, 2.400000
K, 58, 6.300000, 2.900000, 2.400000
K, 59, 7.200000, 0.000000, 2.400000
K, 60, 7.200000, 2.900000, 2.400000
K, 61, 8.100000, 0.000000, 2.400000
K, 62, 8.100000, 2.900000, 2.400000
K, 63, 9.000000, 0.000000, 2.400000
K, 64, 9.000000, 2.900000, 2.400000
K, 65, 3.000000, 0.000000, 0.000000
K, 66, 3.000000, 0.000000, 2.400000
K, 67, 6.000000, 0.000000, 0.000000
K, 68, 6.000000, 0.000000, 2.400000
K, 69, 6.000000, 2.900000, 0.000000
K, 70, 6.000000, 2.900000, 2.400000
K, 71, 0.600000, 0.000000, 0.000000
K, 72, 0.600000, 0.000000, 2.400000
K, 73, 6.600000, 0.000000, 0.000000
K, 74, 6.600000, 0.000000, 2.400000
K, 75, 6.600000, 2.900000, 0.000000
K, 76, 6.600000, 2.900000, 2.400000
K, 77, 1.200000, 0.000000, 0.000000
K, 78, 1.200000, 0.000000, 2.400000
K, 79, 4.200000, 0.000000, 0.000000
K, 80, 4.200000, 0.000000, 2.400000
K, 81, 4.800000, 0.000000, 0.000000
K, 82, 4.800000, 0.000000, 2.400000
K, 83, 7.800000, 0.000000, 0.000000
K, 84, 7.800000, 0.000000, 2.400000
K, 85, 7.800000, 2.900000, 0.000000
K, 86, 7.800000, 2.900000, 2.400000
K, 87, 2.400000, 0.000000, 0.000000
K, 88, 2.400000, 0.000000, 2.400000
K, 89, 8.400000, 0.000000, 0.000000
K, 90, 8.400000, 0.000000, 2.400000
K, 91, 8.400000, 2.900000, 0.000000
K, 92, 8.400000, 2.900000, 2.400000
K, 93, 0.000000, 0.500000, 0.000000
K, 94, 0.000000, 0.500000, 2.400000
K, 95, 9.000000, 0.500000, 0.000000
K, 96, 9.000000, 0.500000, 2.400000
K, 97, 0.000000, 1.100000, 0.000000
K, 98, 0.000000, 1.100000, 2.400000
K, 99, 9.000000, 1.100000, 0.000000
K, 100, 9.000000, 1.100000, 2.400000
K, 101, 0.000000, 1.700000, 0.000000
K, 102, 0.000000, 1.700000, 2.400000
K, 103, 9.000000, 1.700000, 0.000000
K, 104, 9.000000, 1.700000, 2.400000
K, 105, 0.000000, 2.300000, 0.000000
K, 106, 0.000000, 2.300000, 2.400000
K, 107, 9.000000, 2.300000, 0.000000
K, 108, 9.000000, 2.300000, 2.400000
L, 1, 3
L, 3, 71
L, 71, 5
L, 5, 77
L, 77, 7
L, 7, 9
L, 9, 11
L, 11, 87
L, 87, 13
L, 13, 65
L, 65, 15
L, 15, 17
L, 17, 19
L, 19, 79
L, 79, 21
L, 21, 81
L, 81, 23
L, 23, 25
L, 25, 27
L, 27, 67
L, 67, 29
L, 29, 73
L, 73, 31
L, 31, 33
L, 33, 35
L, 35, 83
L, 83, 37
L, 37, 89
L, 89, 39
L, 39, 41
L, 43, 72
L, 72, 45
L, 45, 78
L, 78, 47
L, 47, 88
L, 88, 49
L, 49, 66
L, 66, 51
L, 51, 80
L, 80, 53
L, 53, 82
L, 82, 55
L, 55, 68
L, 68, 57
L, 57, 74
L, 74, 59
L, 59, 84
L, 84, 61
L, 61, 90
L, 90, 63
L, 2, 4
L, 4, 6
L, 6, 8
L, 8, 10
L, 10, 12
L, 12, 14
L, 14, 16
L, 16, 18
L, 18, 20
L, 20, 22
L, 22, 24
L, 24, 26
L, 26, 28
L, 28, 69
L, 69, 30
L, 30, 75
L, 75, 32
L, 32, 34
L, 34, 36
L, 36, 85
L, 85, 38
L, 38, 91
L, 91, 40
L, 40, 42
L, 44, 46
L, 46, 48
L, 48, 50
L, 50, 52
L, 52, 54
L, 54, 56
L, 56, 70
L, 70, 58
L, 58, 76
L, 76, 60
L, 60, 86
L, 86, 62
L, 62, 92
L, 92, 64
L, 1, 43
L, 71, 72
L, 77, 78
L, 9, 47
L, 87, 88
L, 65, 66
L, 17, 51
L, 79, 80
L, 81, 82
L, 25, 55
L, 67, 68
L, 73, 74
L, 33, 59
L, 83, 84
L, 89, 90
L, 41, 63
L, 2, 44
L, 69, 70
L, 75, 76
L, 34, 60
L, 85, 86
L, 91, 92
L, 42, 64
L, 1, 93
L, 93, 97
L, 97, 101
L, 101, 105
L, 105, 2
L, 3, 4
L, 5, 6
L, 7, 8
L, 9, 10
L, 11, 12
L, 13, 14
L, 15, 16
L, 17, 18
L, 19, 20
L, 21, 22
L, 23, 24
L, 25, 26
L, 27, 28
L, 29, 30
L, 31, 32
L, 33, 34
L, 35, 36
L, 37, 38
L, 39, 40
L, 41, 95
L, 95, 99
L, 99, 103
L, 103, 107
L, 107, 42
L, 43, 94
L, 94, 98
L, 98, 102
L, 102, 106
L, 106, 44
L, 45, 46
L, 47, 48
L, 49, 50
L, 51, 52
L, 53, 54
L, 55, 56
L, 57, 58
L, 59, 60
L, 61, 62
L, 63, 96
L, 96, 100
L, 100, 104
L, 104, 108
L, 108, 64
L, 93, 94
L, 97, 98
L, 101, 102
L, 105, 106
L, 95, 96
L, 99, 100
L, 103, 104
L, 107, 108
